19
634
805
666
686
863
582
924
326
999
355
146
912
117
473
102
371
569
676
930
688
789
601
198
690
904
404
47
733
733
958
134
445
373
568
669
16
371
161
986
614
896
585
780
905
556
508
86
267
804
801
538
529
14
182
94
250
984
530
801
674
461
483
764
276
492
821
963
717
107
144
671
771
240
605
336
581
803
570
964
120
939
943
990
106
330
644
976
285
967
785
558
234
792
81
572
151
670
437
676
227
53
125
821
979
371
69
414
753
191
901
136
615
474
662
882
36
392
748
171
552
78
510
888
122
8
682
332
335
727
897
521
80
525
804
914
479
396
821
306
276
87
901
26
45
143
73
475
182
42
869
438
970
635
700
851
172
324
410
278
62
496
209
473
960
590
688
663
468
629
464
628
725
330
977
473
481
696
884
912
627
425
152
492
950
282
541
936
1
150
613
166
738
204
188
859
796
488
780
973
511
226
558
373
569
219
20
902
749
496
661
815
587
760
727
125
958
960
103
170
429
457
350
450
829
721
577
607
418
894
700
314
50
514
555
878
938
236
22
359
86
282
270
28
352
663
808
250
213
230
292
594
37
444
298
321
750
790
389
937
338
757
131
402
817
451
379
923
614
685
844
738
316
284
956
147
212
842
555
282
744
16
596
382
340
563
460
299
594
526
508
908
182
413
786
62
645
991
601
195
483
141
488
781
531
478
961
666
533
42
250
994
339
612
355
849
364
704
477
28
4
329
400
717
923
706
410
209
40
559
552
425
614
664
183
638
67
837
126
448
401
659
380
460
403
929
52
566
430
44
900
286
304
961
453
815
720
520
775
472
567
114
430
633
408
18
672
357
78
516
951
510
396
342
309
281
403
698
659
355
900
907
724
193
625
829
55
221
354
464
692
224
316
92
944
753
325
48
361
974
966
743
464
186
807
220
316
501
822
689
508
648
728
152
658
507
326
467
573
834
91
535
143
500
132
181
823
205
593
479
77
54
323
303
682
410
414
580
603
805
843
694
643
927
218
525
40
561
365
512
896
736
517
94
580
519
972
114
801
851
162
783
109
305
839
39
52
966
831
718
712
964
800
543
303
622
309
729
71
289
413
319
184
383
612
780
355
204
304
350
966
813
92
133
434
453
273
418
477
893
